image: /catkin_ws/map/my_map.pgm
resolution: 0.050000
origin: [-2.110601, -1.645580, 0.000000]
negate: 0
occupied_thresh: 0.65
free_thresh: 0.196

