%YAML:1.0
---
type: IMU
name: N100
Gyr:
   unit: " rad/s"
   avg-axis:
      gyr_n: 8.0226069504443656e-04     # Gyro误差模型高斯白噪声
      gyr_w: 4.4153147263889589e-05     # Gyro误差模型随机游走噪声
   x-axis:
      gyr_n: 5.3921043773503836e-04
      gyr_w: 2.2364472813436421e-05
   y-axis:
      gyr_n: 5.8344519509160989e-04
      gyr_w: 2.2667820610429897e-05
   z-axis:
      gyr_n: 1.2841264523066615e-03
      gyr_w: 8.7427148367802434e-05
Acc:
   unit: " m/s^2"
   avg-axis:
      acc_n: 1.0909715156015328e-02     # Acc误差模型高斯白噪声
      acc_w: 4.0347767978459928e-04     # Acc误差模型随机游走噪声
   x-axis:
      acc_n: 1.0761065941039795e-02
      acc_w: 2.6630975523772447e-04
   y-axis:
      acc_n: 8.5197044939375362e-03
      acc_w: 1.6972573784404112e-04
   z-axis:
      acc_n: 1.3448375033068652e-02
      acc_w: 7.7439754627203219e-04
